header=$Id: AI::NeuralNet::Mesh.pm, v0.20 2000/23/12 05:05:27 josiah Exp $
layers=2
nodes=2
outputs=1
total=4
rand=0
const=0.0001
cw=5
crunch=
rA=
rB=
rS=
rRef=
n0=1.4141479228309
n1=1.4141479228309
n2=1.18917951665461,1.18917951665461
n3=1.18917951665461,1.18917951665461
n4=1.18917951665461,1.18917951665461
