header=$Id: AI::NeuralNet::Mesh.pm, v0.31 2000/23/12 05:05:27 josiah Exp $
total_layers=1
total_nodes=11
nodes=10
inputs=10
outputs=1
layers=10,1
rand=0
const=0.0001
cw=5
crunch=
rA=
rB=
rS=
rRef=
n0=0.550636794969368
n1=0.550636794969368
n2=0.550636794969368
n3=0.550636794969368
n4=0.550636794969368
n5=0.550636794969368
n6=0.550636794969368
n7=0.550636794969368
n8=0.550636794969368
n9=0.550636794969368
n10=0.550636794969368,0.550636794969368,0.550636794969368,0.550636794969368,0.550636794969368,0.550636794969368,0.550636794969368,0.550636794969368,0.550636794969368,0.550636794969368
