header=$Id: AI::NeuralNet::Mesh.pm, v0.20 2000/23/12 05:05:27 josiah Exp $
layers=2
nodes=2
outputs=1
total=4
rand=0
const=0.0001
cw=5
crunch=
rA=
rB=
rS=
rRef=
n0=3.6522964361953
n1=3.6522964361953
n2=1.91109822777253,1.91109822777253
n3=1.91109822777253,1.91109822777253
n4=1.91109822777253,1.91109822777253
