header=$Id: AI::NeuralNet::Mesh.pm, v0.20 2000/23/12 05:05:27 josiah Exp $
layers=2
nodes=2
outputs=1
total=4
rand=0
const=0.0001
cw=5
crunch=
rA=
rB=
rS=
rRef=
n0=0.816447418763364
n1=0.816447418763364
n2=0.903574799761129,0.903574799761129
n3=0.903574799761129,0.903574799761129
n4=0.903574799761129,0.903574799761129
